0 {2949, 390, 392, 12, 405, 407, 5406, 5408, 5421, 5423, 2873, 314, 316, 329, 202, 331, 3025, 88, 238, 240, 253, 255}
1 {291, 276, 293, 278}
2 {2949, 390, 392, 329, 202, 331, 3025, 405, 407, 88, 5406, 5408, 5421, 238, 5423, 240, 2873, 314, 316, 253, 126, 255}
3 {5444, 5446, 587, 428, 430, 5459, 5461, 443, 573, 445}
4 {2987}
5 {50}
6 {3063}
7 {2911}
8 {352, 369, 354, 367}
9 {164}
10 {611, 5737, 5482, 5484, 625, 1105, 1110, 5497, 5499, 1119}
11 {481, 466, 483, 468, 1081, 891}
12 {739, 725, 853, 839, 663, 649}
13 {5520, 5537, 5522, 5535}
14 {504, 521, 506, 519}
15 {929, 1163}
16 {4098, 4101, 4102, 3081, 3095, 1561, 3612, 3613, 3621, 1575, 3627, 3628, 3629, 3638, 3639, 3642, 3645, 3157, 3171, 1637, 3183, 1651, 1347, 4220, 4221, 4229, 4232, 4235, 4236, 4237, 4240, 4244, 4246, 4247, 4250, 1180, 4253, 4254, 1181, 1189, 1192, 1195, 1196, 1197, 1200, 1204, 3764, 1206, 1207, 3765, 1210, 1213, 1214, 3773, 3779, 3780, 3781, 4296, 4297, 3790, 3791, 4305, 3794, 4308, 3797, 4311, 4312, 4313, 4316, 4320, 4322, 4323, 4326, 1256, 4329, 4330, 1257, 3309, 1265, 1268, 1271, 1272, 1273, 3323, 1276, 763, 1280, 3840, 1282, 1283, 3841, 1286, 3335, 777, 1290, 1289, 3849, 3855, 3856, 3857, 3860, 3864, 3866, 3867, 3870, 3873, 1332, 1333, 3385, 4410, 4411, 1341, 1344, 3393, 4419, 1348, 1349, 4422, 3399, 1352, 4425, 4426, 4427, 1356, 4430, 1358, 1359, 4434, 1362, 4436, 1365, 1366, 3411, 4440, 4437, 4443, 4444, 3992, 3993, 4001, 4007, 4008, 4009, 4012, 4016, 4018, 4019, 4022, 4025, 1485, 3537, 3545, 1499, 3551, 4068, 4069, 3563, 4077, 4080, 4083, 4084, 4085, 4088, 4092, 4094, 4095}
17 {701, 687}
18 {2949, 5573, 5575, 5768, 3025, 6235, 5920, 6257, 5558, 6262, 5560, 2873, 5882}
19 {544, 557, 542, 559}
20 {587, 573, 967}
21 {1613, 1599}
22 {1314, 1318, 1320, 1321, 1324, 1294, 1295, 1328, 1327, 1303, 1306, 1309, 1310, 1311}
23 {4096, 4098, 4101, 4102, 3612, 3108, 3621, 3628, 3629, 1588, 3638, 3639, 3640, 3642, 3645, 3183, 3184, 4220, 1664, 4229, 4232, 4236, 4237, 4240, 4244, 4246, 4247, 4248, 4250, 1180, 4253, 4254, 1189, 1192, 1196, 1197, 1200, 1204, 3764, 1206, 1207, 1208, 1210, 1213, 1214, 3773, 3780, 3781, 4296, 3790, 3791, 3792, 4305, 3794, 4308, 3797, 4312, 4313, 4316, 4320, 4322, 4323, 4324, 4326, 1256, 4329, 4330, 1265, 1268, 1272, 1273, 1276, 1280, 3840, 1282, 1283, 1284, 1286, 3335, 3336, 1289, 1290, 3849, 3856, 3857, 3860, 3864, 3866, 3867, 3868, 3870, 3873, 1332, 4410, 1341, 1344, 3393, 4419, 1348, 1349, 4422, 1352, 4426, 4427, 1356, 4430, 1358, 1360, 1359, 4434, 1362, 4436, 1365, 1366, 4438, 4440, 3412, 3411, 4443, 4444, 4437, 1370, 1371, 1379, 1382, 1385, 1386, 1387, 1390, 1394, 1396, 1397, 1400, 1403, 1404, 3992, 4001, 4008, 4009, 4012, 4016, 4018, 4019, 4020, 4022, 4025, 3545, 4068, 1512, 3563, 3564, 4077, 4080, 4084, 4085, 4088, 4092, 4094, 4095}
24 {5248, 4106, 4107, 5267, 4115, 4118, 4121, 4122, 4123, 4126, 5281, 4130, 4132, 4133, 4136, 4139, 4140, 4030, 4031, 4039, 5324, 4045, 4046, 4047, 4050, 4054, 4056, 4057, 4060, 5343, 4063, 5357}
25 {1537, 1523}
26 {1248, 1218, 1219, 1251, 1252, 1675, 1227, 1230, 1233, 1234, 1235, 1238, 1689, 1242, 1244, 1245}
27 {4488, 4521, 3209, 3195, 3119, 3221, 4507, 4508, 3133}
28 {1280, 4354, 1282, 1283, 4358, 1286, 4360, 4361, 1289, 1290, 4364, 4367, 4368, 1180, 1181, 1189, 1192, 1195, 1196, 1197, 1200, 1204, 1332, 1333, 1206, 1207, 1210, 1341, 1213, 1214, 1344, 1347, 1348, 1349, 1352, 1356, 1358, 1359, 1362, 1365, 1366, 1256, 1257, 4334, 4335, 1265, 1268, 4343, 1272, 1273, 4346, 1271, 1276, 4349, 4350, 4351}
29 {3361, 4583, 4584, 3431, 3373, 3437, 3347, 4564, 4597, 3449, 3423}
30 {4288, 4258, 4259, 4291, 4292, 4267, 4270, 4273, 4274, 4275, 4278, 4282, 4284, 4285}
31 {4736, 4868, 3589, 4749, 3601, 4887, 4888, 5020, 4640, 4901, 5039, 5040, 4659, 4660, 4792, 5053, 4673, 3650, 3651, 4811, 4812, 3659, 4944, 3665, 3666, 3667, 4825, 3676, 3677, 3680, 4963, 4964, 3683, 3583, 4716, 4977, 3575, 4735}
32 {801, 815}
33 {5129, 3878, 3879, 3887, 5172, 3893, 3894, 3895, 3898, 3902, 3904, 3905, 3908, 5191, 5192, 3911, 5205, 3802, 3803, 3835, 3811, 5096, 3817, 3818, 3819, 3828, 3829, 3832, 5115, 5116}
34 {4448, 4449, 4481, 4482, 4457, 4460, 4463, 4464, 4465, 4468, 4472, 4474, 4475, 4478}
35 {5611, 5596, 5613, 5598}
36 {5996, 6186, 6148, 5806}
37 {6273, 6300, 6295}
38 {5958, 3063}
39 {625, 1105, 611, 1110, 1119}
40 {1081, 891, 1005}
41 {1626}
42 {1314, 1318, 1320, 1321, 1322, 1324, 1294, 1327, 1328, 1303, 1306, 1310, 1311}
43 {4096, 4098, 4101, 4102, 3612, 3108, 3621, 3628, 3629, 1588, 3638, 3639, 3640, 3642, 3645, 3183, 3184, 4220, 1664, 4229, 4232, 4236, 4237, 4240, 4244, 4246, 4247, 4248, 4250, 1180, 4253, 4254, 1189, 1192, 1196, 1197, 1200, 1204, 3764, 1206, 1207, 1208, 1210, 1213, 1214, 3773, 3780, 3781, 4296, 3790, 3791, 3792, 4305, 3794, 4308, 3797, 4312, 4313, 4316, 4320, 4322, 4323, 4324, 4326, 1256, 4329, 4330, 1265, 1268, 1272, 1273, 1276, 1280, 3840, 1282, 1283, 1284, 1286, 3335, 3336, 1289, 1290, 3849, 3411, 3856, 3857, 3860, 3864, 3866, 3867, 3868, 3870, 3873, 1332, 4410, 1341, 1344, 3393, 4419, 1348, 1349, 4422, 1352, 4426, 4427, 1356, 4430, 1358, 1360, 1359, 4434, 1362, 4436, 1365, 1366, 4438, 4440, 3412, 1370, 4443, 4444, 4437, 1379, 1382, 1386, 1387, 1390, 1394, 1396, 1397, 1398, 1400, 1403, 1404, 3992, 4001, 4008, 4009, 4012, 4016, 4018, 4019, 4020, 4022, 4025, 3545, 4068, 1512, 3563, 3564, 4077, 4080, 4084, 4085, 4088, 4092, 4094, 4095}
44 {5248, 4039, 4106, 5324, 4046, 4047, 4050, 5267, 4115, 4054, 4118, 4056, 4057, 4058, 4122, 4060, 4123, 4126, 5343, 4063, 5281, 4130, 4132, 4133, 4134, 4136, 4139, 4140, 5357, 4030}
45 {1550}
46 {1248, 1218, 1251, 1252, 1702, 1227, 1230, 1234, 1235, 1238, 1242, 1244, 1245, 1246}
47 {4488, 4521, 3146, 3221, 3222, 4507, 4508}
48 {1280, 4354, 1282, 1283, 1284, 4358, 1286, 4360, 4361, 4362, 1289, 4364, 1290, 4367, 4368, 1180, 1189, 1192, 1196, 1197, 1200, 1332, 1204, 1206, 1207, 1208, 1210, 1341, 1213, 1214, 1344, 1348, 1349, 1352, 1356, 1358, 1359, 1360, 1362, 1365, 1366, 1256, 4334, 1265, 1268, 4343, 1272, 1273, 4346, 1276, 4350, 4351}
49 {4583, 4584, 3431, 3373, 3374, 4564, 4597, 3449, 3450}
50 {4288, 4258, 4291, 4292, 4267, 4270, 4274, 4275, 4278, 4282, 4284, 4285, 4286}
51 {4736, 4868, 4749, 3601, 3602, 4887, 4888, 5020, 4640, 4901, 5039, 5040, 4659, 4660, 4792, 5053, 4673, 3650, 4811, 4812, 3659, 4944, 3666, 3667, 4825, 3676, 3677, 3678, 3680, 4963, 4964, 3683, 3583, 4716, 4977, 4735}
52 {1408, 1409, 1441, 1442, 1417, 1420, 1423, 1424, 1425, 1428, 1432, 1434, 1435, 1438}
53 {3904, 3905, 3906, 3908, 5191, 5192, 5129, 3911, 3895, 5205, 3802, 3835, 3811, 3878, 5096, 3818, 3819, 3887, 3828, 3829, 3830, 5172, 3832, 3894, 3898, 5115, 5116, 3902}
54 {4448, 4481, 4482, 4457, 4460, 4464, 4465, 4468, 4472, 4474, 4475, 4476, 4478}
55 {1280, 1282, 1283, 1286, 1289, 1290, 1180, 1181, 1189, 1192, 1195, 1196, 1197, 4144, 4145, 1200, 1332, 1333, 1204, 1206, 1207, 4153, 1210, 4156, 1341, 1213, 4159, 1344, 4160, 4161, 1347, 1348, 1349, 4164, 1214, 1352, 4168, 4170, 4171, 1356, 1358, 1359, 4174, 4177, 1362, 4178, 1365, 1366, 1256, 1257, 1265, 1268, 1271, 1272, 1273, 1276}
56 {5305, 5286, 5319}
57 {5362, 5395, 5381}
58 {4096, 4098, 4101, 4102, 3081, 3108, 3157, 3183, 3184, 4220, 4221, 4229, 4232, 4236, 4237, 4240, 4244, 4246, 4247, 4248, 4250, 1180, 4253, 4254, 1181, 1189, 1192, 1196, 1197, 1200, 1204, 1206, 1207, 1208, 1210, 1213, 1214, 4296, 4297, 4305, 4308, 4312, 4313, 4316, 4320, 4322, 4323, 4324, 4326, 1256, 4329, 4330, 1257, 3309, 1265, 1268, 1272, 1273, 1276, 1280, 1282, 1283, 1284, 1286, 3335, 3336, 1289, 1290, 1332, 1333, 3385, 4410, 4411, 1341, 1344, 3393, 4419, 1348, 1349, 4422, 1352, 4426, 4427, 1356, 4430, 1358, 1359, 1360, 4434, 1362, 4436, 1365, 1366, 3411, 4440, 4437, 4438, 4443, 4444, 3412, 1485, 3537, 3545, 1512, 3563, 3564, 1561, 3612, 3613, 3621, 3628, 3629, 1588, 3638, 3639, 3640, 3642, 3645, 1637, 1664, 1713, 3764, 3765, 3773, 1727, 3780, 3781, 3790, 3791, 3792, 3794, 3797, 3840, 3841, 3849, 3856, 3857, 3860, 3864, 3866, 3867, 3868, 3870, 3873, 1854, 3992, 3993, 4001, 4008, 4009, 4012, 4016, 1968, 4018, 4019, 4020, 4022, 4025, 4068, 4069, 4077, 4080, 4084, 4085, 4088, 4092, 4094, 4095}
59 {4098, 4101, 4102, 3612, 3613, 3621, 3627, 3628, 3629, 3638, 3639, 3642, 3645, 4220, 4221, 4229, 4232, 4235, 4236, 4237, 4240, 4244, 4246, 4247, 4250, 1180, 4253, 4254, 1181, 3233, 1189, 1192, 1195, 1196, 1197, 3247, 1200, 1204, 3764, 1206, 3765, 1207, 1210, 3259, 1213, 1214, 3773, 3779, 3780, 3781, 4296, 4297, 3790, 3791, 4305, 3794, 4308, 3797, 4311, 4312, 4313, 4316, 4320, 4322, 4323, 4326, 1256, 4329, 4330, 1257, 1265, 1268, 1271, 1272, 1273, 1276, 1280, 3840, 1282, 3841, 1283, 1286, 1289, 1290, 3849, 3855, 3856, 3857, 3860, 3864, 3866, 3867, 3870, 3873, 1332, 1333, 3385, 4410, 4411, 1341, 1344, 3393, 1347, 4419, 1348, 1349, 4422, 3399, 1352, 4425, 4426, 4427, 1356, 4430, 1358, 1359, 4434, 1362, 4436, 1365, 1366, 3411, 4440, 4437, 4443, 4444, 3992, 3993, 4001, 4007, 4008, 4009, 4012, 4016, 4018, 4019, 4022, 4025, 3537, 3545, 3551, 4068, 4069, 3563, 4077, 4080, 4083, 4084, 4085, 4088, 4092, 4094, 4095}
60 {4545, 4546, 4526, 4559}
61 {1248, 1218, 1219, 1251, 1252, 1227, 1230, 1233, 1234, 1235, 1238, 1242, 1244, 1245}
62 {4384, 4387, 4388, 4389, 4392, 4396, 4398, 4399, 4402, 4372, 4405, 4406, 4373, 4381}
63 {4602, 4635, 4621, 4622}
64 {4098, 4101, 4102, 3612, 3613, 3621, 3627, 3628, 3629, 3638, 3639, 3642, 3645, 4220, 4221, 4229, 4232, 4235, 4236, 4237, 4240, 4244, 4246, 4247, 4250, 1180, 4253, 4254, 1181, 1189, 1192, 1195, 1196, 1197, 1200, 1204, 3764, 1206, 1207, 3765, 1210, 1213, 1214, 3773, 3779, 3780, 3781, 4296, 4297, 3790, 3791, 4305, 3794, 4308, 3797, 4311, 4312, 4313, 4316, 4320, 4322, 4323, 4326, 1256, 4329, 4330, 1257, 1265, 1268, 1271, 1272, 1273, 1276, 1280, 3840, 1282, 1283, 3841, 1286, 1289, 1290, 3849, 3855, 3856, 3857, 3860, 3864, 3866, 3867, 3870, 3873, 1332, 1333, 4410, 4411, 1341, 1344, 4419, 1348, 1349, 4422, 1347, 1352, 4425, 4426, 4427, 1356, 4430, 1358, 1359, 4434, 1362, 4436, 1365, 1366, 4437, 4440, 4443, 4444, 3461, 3469, 3475, 3992, 3993, 3487, 4001, 4007, 4008, 4009, 4012, 4016, 4018, 4019, 4022, 4025, 4068, 4069, 4077, 4080, 4083, 4084, 4085, 4088, 4092, 4094, 4095}
65 {4906, 4939, 4925, 4926}
66 {4754, 4787, 4773, 4774}
67 {4697, 4698, 4678, 4711}
68 {5001, 5002, 4982, 5015}
69 {5058, 5091, 5077, 5078}
70 {4098, 4101, 4102, 3688, 3689, 3697, 3703, 3704, 3705, 4220, 4221, 3714, 3715, 4229, 3718, 4232, 3721, 4235, 4236, 4237, 4240, 4244, 4246, 4247, 4250, 1180, 1181, 4254, 4253, 1189, 1192, 1195, 1196, 1197, 1200, 1204, 1206, 1207, 1210, 1213, 1214, 4296, 4297, 4305, 4308, 4311, 4312, 4313, 4316, 4320, 4322, 4323, 4326, 1256, 1257, 4330, 4329, 1265, 1268, 1271, 1272, 1273, 1276, 3840, 1280, 3841, 1282, 1283, 1286, 3849, 1290, 1289, 3855, 3856, 3857, 3860, 3864, 3866, 3867, 3870, 3873, 1332, 1333, 4410, 4411, 1341, 1344, 4419, 1347, 1348, 4422, 1349, 1352, 4425, 4426, 4427, 1356, 4430, 1358, 1359, 4434, 1362, 4436, 4437, 1366, 1365, 4440, 4443, 4444, 3992, 3993, 4001, 4007, 4008, 4009, 4012, 4016, 4018, 4019, 4022, 4025, 4068, 4069, 4077, 4080, 4083, 4084, 4085, 4088, 4092, 4094, 4095}
71 {4849, 4850, 4830, 4863}
72 {5153, 5154, 5134, 5167}
73 {5210, 5243, 5229, 5230}
74 {1280, 1282, 1283, 4098, 4101, 4102, 1286, 1289, 1290, 1332, 1333, 4410, 4411, 1341, 1344, 4419, 1347, 1348, 4422, 1349, 1352, 4425, 4426, 4427, 3916, 3917, 4430, 1356, 1358, 1359, 4434, 1362, 4436, 3925, 1366, 4437, 4088, 4440, 1365, 3931, 4444, 3932, 3933, 4443, 3936, 3940, 3942, 3943, 3946, 4092, 3949, 4220, 4221, 4229, 4232, 4235, 4236, 4237, 4240, 4244, 4246, 4247, 4250, 1180, 1181, 4254, 4253, 1189, 1192, 1195, 1196, 1197, 1200, 1204, 1206, 1207, 1210, 1213, 1214, 4296, 4297, 4305, 4308, 4311, 4312, 4313, 4316, 4320, 4322, 4323, 4068, 4069, 4326, 1256, 1257, 4330, 4329, 4077, 4080, 1265, 4083, 1268, 4084, 4085, 1271, 1272, 1273, 1276, 4094, 4095}
75 {5649, 5634, 6371, 6356, 5651, 6373, 5636, 6358}
76 {3025, 6034, 6257, 2949, 6262, 2873, 6235}
77 {6224}
78 {5844}
79 {6338, 6333, 6311}
80 {1043}
81 {1408, 1441, 1442, 1417, 1420, 1424, 1425, 1428, 1432, 1434, 1435, 1436, 1438}
82 {1280, 1282, 1283, 1284, 1286, 1289, 1290, 1180, 1189, 1192, 1196, 1197, 4144, 1200, 1332, 1204, 1206, 1207, 1208, 4153, 1210, 4156, 1341, 1213, 1214, 1344, 4160, 4161, 1348, 1349, 4164, 1352, 4168, 4170, 4171, 1356, 4172, 1358, 1359, 1360, 4174, 1362, 4177, 4178, 1365, 1366, 1256, 1265, 1268, 1272, 1273, 1276}
83 {4096, 4098, 4101, 4102, 3081, 1561, 3612, 3613, 3108, 3621, 3628, 3629, 1588, 3638, 3639, 3640, 3642, 3645, 3157, 1637, 3183, 3184, 4220, 4221, 1664, 4229, 4232, 4236, 4237, 4240, 4244, 4246, 4247, 4248, 4250, 1180, 4253, 4254, 1181, 1189, 1192, 1196, 1197, 1200, 1204, 3764, 1206, 1207, 1208, 3765, 1210, 1213, 1214, 3773, 3780, 3781, 4296, 4297, 1740, 3790, 3791, 3792, 4305, 3794, 4308, 3797, 4312, 4313, 4316, 4320, 4322, 4323, 4324, 4326, 1256, 4329, 4330, 1257, 3309, 1265, 1268, 1272, 1273, 1276, 1280, 3840, 1282, 1283, 1284, 3841, 1286, 3335, 3336, 1289, 1290, 3849, 3856, 3857, 3860, 3864, 3866, 3867, 3868, 3870, 3873, 1332, 1333, 3385, 4410, 4411, 1341, 1854, 1344, 3393, 4419, 1348, 1349, 4422, 1352, 4426, 4427, 1356, 4430, 1358, 1359, 1360, 4434, 1362, 4436, 1365, 1366, 3411, 4440, 4437, 4438, 4443, 4444, 3412, 3992, 3993, 4001, 4008, 4009, 4012, 4016, 1968, 4018, 4019, 4020, 4022, 4025, 1485, 3537, 3545, 4068, 4069, 1512, 3563, 3564, 4077, 4080, 4084, 4085, 4088, 4092, 4094, 4095}
84 {4096, 4098, 4101, 4102, 3612, 3621, 3628, 3629, 3638, 3639, 3640, 3642, 3645, 4220, 4229, 4232, 4236, 4237, 4240, 4244, 4246, 4247, 4248, 4250, 1180, 4253, 4254, 1189, 1192, 1196, 1197, 1200, 1204, 3764, 1206, 1207, 1208, 1210, 3259, 3260, 1213, 1214, 3773, 3780, 3781, 4296, 3790, 3791, 3792, 4305, 3794, 4308, 3797, 4312, 4313, 4316, 4320, 4322, 4323, 4324, 4326, 1256, 4329, 4330, 1265, 1268, 1272, 1273, 1276, 1280, 3840, 1282, 1283, 1284, 1286, 1289, 1290, 3849, 3856, 3857, 3860, 3864, 3866, 3867, 3868, 3870, 3873, 1332, 4410, 1341, 1344, 3393, 4419, 1348, 1349, 4422, 1352, 4426, 4427, 1356, 4430, 1358, 1359, 1360, 4434, 3411, 4436, 1362, 1366, 1365, 4440, 4437, 4438, 4443, 4444, 3412, 3992, 4001, 4008, 4009, 4012, 4016, 4018, 4019, 4020, 4022, 4025, 3545, 4068, 3563, 3564, 4077, 4080, 4084, 4085, 4088, 4092, 4094, 4095}
85 {1248, 1218, 1251, 1252, 1227, 1230, 1234, 1235, 1238, 1242, 1244, 1245, 1246}
86 {4384, 4388, 4389, 4392, 4396, 4398, 4399, 4400, 4402, 4372, 4405, 4406, 4381}
87 {4096, 4098, 4101, 4102, 3612, 3621, 3628, 3629, 3638, 3639, 3640, 3642, 3645, 4220, 4229, 4232, 4236, 4237, 4240, 4244, 4246, 4247, 4248, 4250, 1180, 4253, 4254, 1189, 1192, 1196, 1197, 1200, 1204, 3764, 1206, 1207, 1208, 1210, 1213, 1214, 3773, 3780, 3781, 4296, 3790, 3791, 3792, 4305, 3794, 4308, 3797, 4312, 4313, 4316, 4320, 4322, 4323, 4324, 4326, 1256, 4329, 4330, 1265, 1268, 1272, 1273, 1276, 1280, 3840, 1282, 1283, 1284, 1286, 1289, 1290, 3849, 3856, 3857, 3860, 3864, 3866, 3867, 3868, 3870, 3873, 1332, 4410, 1341, 1344, 4419, 1348, 1349, 4422, 1352, 4426, 4427, 1356, 4430, 1358, 1359, 1360, 4434, 1362, 4436, 1365, 1366, 4437, 4440, 4438, 4443, 4444, 3469, 3992, 3487, 3488, 4001, 4008, 4009, 4012, 4016, 4018, 4019, 4020, 4022, 4025, 4068, 4077, 4080, 4084, 4085, 4088, 4092, 4094, 4095}
88 {4096, 4098, 4101, 4102, 3688, 3697, 3704, 3705, 4220, 3714, 3715, 3716, 4229, 3718, 4232, 3721, 4236, 4237, 4240, 4244, 4246, 4247, 4248, 4250, 1180, 4253, 4254, 1189, 1192, 1196, 1197, 1200, 1204, 1206, 1207, 1208, 1210, 1213, 1214, 4296, 4305, 4308, 4312, 4313, 4316, 4320, 4322, 4323, 4324, 4326, 1256, 4329, 4330, 1265, 1268, 1272, 1273, 1276, 3840, 1280, 1282, 1283, 1284, 1286, 3849, 1290, 1289, 3856, 3857, 3860, 3864, 3866, 3867, 3868, 3870, 3873, 1332, 4410, 1341, 1344, 4419, 1348, 1349, 4422, 1352, 4426, 4427, 1356, 4430, 1358, 1359, 1360, 4434, 1362, 4436, 4437, 1366, 4438, 4440, 1365, 4443, 4444, 3992, 4001, 4008, 4009, 4012, 4016, 4018, 4019, 4020, 4022, 4025, 4068, 4077, 4080, 4084, 4085, 4088, 4092, 4094, 4095}
89 {1472, 1473, 1476, 1446, 1447, 1479, 1480, 1455, 1458, 1461, 1462, 1463, 1466, 1470}
90 {4096, 1280, 1282, 1283, 1284, 4098, 4102, 1286, 4101, 1289, 1290, 1332, 4410, 1341, 1344, 4419, 1348, 1349, 4422, 1352, 4426, 4427, 3916, 1356, 1358, 1359, 1360, 4430, 1362, 4434, 4436, 4437, 1366, 4438, 4440, 1365, 3925, 4443, 4444, 3933, 3932, 4088, 3936, 3940, 3942, 3943, 3944, 3946, 4092, 3949, 4220, 4229, 4232, 4236, 4237, 4240, 4244, 4246, 4247, 4248, 4250, 1180, 4253, 4254, 1189, 1192, 1196, 1197, 1200, 1204, 1206, 1207, 1208, 1210, 1213, 1214, 4296, 4305, 4308, 4312, 4313, 4316, 4320, 4322, 4323, 4324, 4068, 4326, 1256, 4329, 4330, 4077, 4080, 1265, 1268, 4085, 4084, 1272, 1273, 1276, 4094, 4095}
91 {4194, 4197, 4198, 4199, 4202, 4206, 4208, 4209, 4212, 4182, 4183, 4215, 4216, 4191}
92 {1765, 1751}
93 {1626, 1599}
94 {1314, 1318, 1320, 1321, 1322, 1324, 1294, 1295, 1327, 1328, 1303, 1306, 1310, 1311}
95 {4096, 4098, 4101, 4102, 3612, 3108, 3621, 3628, 3629, 1588, 3638, 3639, 3640, 3642, 3645, 3183, 3184, 4220, 1664, 4229, 4232, 4236, 4237, 4240, 4244, 4246, 4247, 4248, 4250, 1180, 4253, 4254, 1189, 1192, 1196, 1197, 1200, 1204, 3764, 1206, 1207, 1208, 1210, 1213, 1214, 3773, 3780, 3781, 4296, 3790, 3791, 3792, 4305, 3794, 4308, 3797, 4312, 4313, 4316, 4320, 4322, 4323, 4324, 4326, 1256, 4329, 4330, 1265, 1268, 1272, 1273, 1276, 1280, 3840, 1282, 1283, 1284, 1286, 3335, 3336, 1289, 1290, 3849, 3411, 3856, 3857, 3860, 3864, 3866, 3867, 3868, 3870, 3873, 1332, 4410, 1341, 1344, 3393, 4419, 1348, 1349, 4422, 1352, 4426, 4427, 1356, 4430, 1358, 1360, 1359, 4434, 1362, 4436, 1365, 1366, 4438, 4440, 3412, 1370, 4443, 4444, 4437, 1371, 1379, 1382, 1386, 1387, 1390, 1394, 1396, 1397, 1398, 1400, 1403, 1404, 3992, 4001, 4008, 4009, 4012, 4016, 4018, 4019, 4020, 4022, 4025, 3545, 4068, 1512, 3563, 3564, 4077, 4080, 4084, 4085, 4088, 4092, 4094, 4095}
96 {5248, 4106, 4107, 5267, 4115, 4118, 4122, 4123, 4126, 5281, 4130, 4132, 4133, 4134, 4136, 4139, 4140, 4030, 4031, 4039, 5324, 4046, 4047, 4050, 4054, 4056, 4057, 4058, 4060, 5343, 4063, 5357}
97 {1523, 1550}
98 {1248, 1218, 1219, 1251, 1252, 1702, 1227, 1675, 1230, 1234, 1235, 1238, 1242, 1244, 1245, 1246}
99 {4488, 4521, 3146, 3195, 3119, 3221, 3222, 4507, 4508}
100 {1280, 4354, 1282, 1283, 1284, 4358, 1286, 4360, 4361, 4362, 1289, 4364, 1290, 4367, 4368, 1180, 1181, 1189, 1192, 1196, 1197, 1200, 1332, 1333, 1206, 1204, 1207, 1208, 1210, 1341, 1213, 1214, 1344, 1348, 1349, 1352, 1356, 1358, 1359, 1360, 1362, 1365, 1366, 1256, 1257, 4334, 4335, 1265, 1268, 4343, 1272, 1273, 4346, 1276, 4350, 4351}
101 {4583, 4584, 3431, 3373, 3374, 3347, 4564, 4597, 3449, 3450, 3423}
102 {4288, 4258, 4259, 4291, 4292, 4267, 4270, 4274, 4275, 4278, 4282, 4284, 4285, 4286}
103 {4736, 4868, 4749, 3601, 3602, 4887, 4888, 5020, 4640, 4901, 5039, 5040, 4659, 4660, 4792, 5053, 4673, 3650, 3651, 4811, 4812, 3659, 4944, 3666, 3667, 4825, 3676, 3677, 3678, 3680, 4963, 4964, 3683, 3583, 4716, 4977, 3575, 4735}
104 {2158, 1892, 2006}
105 {5129, 3878, 3879, 3887, 5172, 3894, 3895, 3898, 3902, 3904, 3905, 3906, 3908, 5191, 5192, 3911, 5205, 3802, 3803, 3835, 3811, 5096, 3818, 3819, 3828, 3829, 3830, 3832, 5115, 5116}
106 {4448, 4449, 4481, 4482, 4457, 4460, 4464, 4465, 4468, 4472, 4474, 4475, 4476, 4478}
107 {3297, 3271, 4583, 4584, 3431, 3437, 4564, 3285, 4597, 3449, 3423}
108 {4736, 4868, 4749, 4887, 4888, 5020, 4640, 4901, 3499, 5039, 5040, 4659, 4660, 3507, 4792, 3513, 5053, 4673, 3650, 3651, 3525, 4811, 4812, 3659, 4944, 3665, 3666, 3667, 4825, 3676, 3677, 3680, 4963, 4964, 3683, 4716, 4977, 4735}
109 {5129, 3726, 3727, 3735, 3741, 3742, 3743, 3878, 3879, 3752, 3753, 3756, 3759, 3887, 5172, 3893, 3894, 3895, 3898, 3902, 3904, 3905, 3908, 5191, 5192, 3911, 5205, 5096, 5115, 5116}
110 {5248, 3969, 3970, 3971, 3974, 3978, 4106, 3980, 3981, 4107, 3984, 5267, 3987, 4115, 4118, 4121, 4122, 4123, 4126, 5281, 4130, 4132, 4133, 4136, 4139, 4140, 5324, 5343, 5357, 3954, 3955, 3963}
111 {5672, 5689, 5674, 5687}
112 {6529, 6531, 6409, 6411, 6619, 6622, 6625, 6629, 6632, 6505, 6635, 6508, 6637, 6639, 6511, 6643, 6515, 6645, 6518, 6521, 6394, 6523, 6396, 6525}
113 {6072, 6186, 6148, 5996}
114 {1472, 1473, 1474, 1476, 1446, 1479, 1480, 1455, 1458, 1462, 1463, 1466, 1470}
115 {4194, 4198, 4199, 4202, 4206, 4208, 4209, 4210, 4212, 4182, 4215, 4216, 4191}
116 {1778}
117 {3297, 3298, 4583, 4584, 3431, 4564, 4597, 3449, 3450}
118 {4736, 4868, 4749, 4887, 4888, 5020, 4640, 4901, 5039, 5040, 4659, 4660, 3507, 4792, 5053, 4673, 3650, 3525, 3526, 4811, 4812, 3659, 4944, 3666, 3667, 4825, 3676, 3677, 3678, 3680, 4963, 4964, 3683, 4716, 4977, 4735}
119 {3904, 3905, 3906, 3908, 5191, 5192, 5129, 3911, 3726, 5205, 3735, 3742, 3743, 3878, 3752, 3753, 3754, 5096, 3756, 3759, 3887, 5172, 3894, 3895, 3898, 5115, 5116, 3902}
120 {5248, 3970, 3971, 3974, 3978, 4106, 5324, 3980, 3981, 3982, 3984, 5267, 3987, 4115, 4118, 4122, 4123, 4126, 5343, 5281, 4130, 4132, 4133, 4134, 4136, 4139, 4140, 5357, 3954, 3963}
121 {1803, 1789}
122 {1408, 1409, 1441, 1442, 1417, 1420, 1424, 1425, 1428, 1432, 1434, 1435, 1436, 1438}
123 {1280, 1282, 1283, 1284, 1286, 1289, 1290, 1180, 1181, 1189, 1192, 1196, 1197, 4144, 4145, 1200, 1332, 1333, 1204, 1206, 1207, 4153, 1208, 1210, 4156, 1341, 1213, 1214, 1344, 4160, 4161, 1348, 1349, 4164, 1352, 4168, 4170, 4171, 1356, 4172, 1358, 1359, 1360, 4174, 1362, 4177, 4178, 1365, 1366, 1256, 1257, 1265, 1268, 1272, 1273, 1276}
124 {4096, 4098, 4101, 4102, 3081, 3108, 3157, 3183, 3184, 4220, 4221, 4229, 4232, 4236, 4237, 4240, 4244, 4246, 4247, 4248, 4250, 1180, 4253, 4254, 1181, 1189, 1192, 1196, 1197, 1200, 1204, 1206, 1207, 1208, 1210, 1213, 1214, 4296, 4297, 4305, 4308, 4312, 4313, 4316, 4320, 4322, 4323, 4324, 4326, 1256, 4329, 4330, 1257, 3309, 1265, 1268, 1272, 1273, 1276, 1280, 1282, 1283, 1284, 1286, 3335, 3336, 1289, 1290, 1332, 1333, 3385, 4410, 4411, 1341, 1344, 3393, 4419, 1348, 1349, 4422, 1352, 4426, 4427, 1356, 4430, 1358, 1359, 1360, 4434, 1362, 4436, 1365, 1366, 3411, 4440, 4437, 4438, 4443, 4444, 3412, 1485, 3537, 3545, 1512, 3563, 3564, 1561, 3612, 3613, 3621, 3628, 3629, 1588, 3638, 3639, 3640, 3642, 3645, 1637, 1664, 1713, 3764, 3765, 3773, 3780, 3781, 1740, 3790, 3791, 3792, 3794, 3797, 3840, 3841, 3849, 3856, 3857, 3860, 3864, 3866, 3867, 3868, 3870, 3873, 1854, 3992, 3993, 4001, 4008, 4009, 4012, 4016, 1968, 4018, 4019, 4020, 4022, 4025, 4068, 4069, 4077, 4080, 4084, 4085, 4088, 4092, 4094, 4095}
125 {4096, 4098, 4101, 4102, 3612, 3613, 3621, 3628, 3629, 3638, 3639, 3640, 3642, 3645, 4220, 4221, 4229, 4232, 4236, 4237, 4240, 4244, 4246, 4247, 4248, 4250, 1180, 4253, 4254, 1181, 3233, 1189, 1192, 1196, 1197, 1200, 1204, 3764, 1206, 3765, 1207, 1208, 1210, 3259, 3260, 1213, 1214, 3773, 3780, 3781, 4296, 4297, 3790, 3791, 3792, 4305, 3794, 4308, 3797, 4312, 4313, 4316, 4320, 4322, 4323, 4324, 4326, 1256, 4329, 4330, 1257, 1265, 1268, 1272, 1273, 1276, 1280, 3840, 1282, 3841, 1283, 1284, 1286, 1289, 1290, 3849, 3856, 3857, 3860, 3864, 3866, 3867, 3868, 3870, 3873, 1332, 1333, 3385, 4410, 4411, 1341, 1344, 3393, 4419, 1348, 1349, 4422, 1352, 4426, 4427, 1356, 4430, 1358, 1359, 1360, 4434, 1362, 4436, 1365, 1366, 3411, 4440, 4437, 4438, 4443, 4444, 3412, 3992, 3993, 4001, 4008, 4009, 4012, 4016, 4018, 4019, 4020, 4022, 4025, 3537, 3545, 4068, 4069, 3563, 3564, 4077, 4080, 4084, 4085, 4088, 4092, 4094, 4095}
126 {1248, 1218, 1219, 1251, 1252, 1227, 1230, 1234, 1235, 1238, 1242, 1244, 1245, 1246}
127 {4384, 4388, 4389, 4392, 4396, 4398, 4399, 4400, 4402, 4372, 4405, 4406, 4373, 4381}
128 {4096, 4098, 4101, 4102, 3612, 3613, 3621, 3628, 3629, 3638, 3639, 3640, 3642, 3645, 4220, 4221, 4229, 4232, 4236, 4237, 4240, 4244, 4246, 4247, 4248, 4250, 1180, 4253, 4254, 1181, 1189, 1192, 1196, 1197, 1200, 1204, 3764, 1206, 1207, 1208, 3765, 1210, 1213, 1214, 3773, 3780, 3781, 4296, 4297, 3790, 3791, 3792, 4305, 3794, 4308, 3797, 4312, 4313, 4316, 4320, 4322, 4323, 4324, 4326, 1256, 4329, 4330, 1257, 1265, 1268, 1272, 1273, 1276, 1280, 3840, 1282, 1283, 1284, 3841, 1286, 1289, 1290, 3849, 3856, 3857, 3860, 3864, 3866, 3867, 3868, 3870, 3873, 1332, 1333, 4410, 4411, 1341, 1344, 4419, 1348, 1349, 4422, 1352, 4426, 4427, 1356, 4430, 1358, 1359, 1360, 4434, 1362, 4436, 1365, 1366, 4437, 4440, 4438, 4443, 4444, 3461, 3469, 3992, 3993, 3487, 3488, 4001, 4008, 4009, 4012, 4016, 4018, 4019, 4020, 4022, 4025, 4068, 4069, 4077, 4080, 4084, 4085, 4088, 4092, 4094, 4095}
129 {4096, 4098, 4101, 4102, 3688, 3689, 3697, 3704, 3705, 4220, 4221, 3714, 3715, 3716, 4229, 3718, 4232, 3721, 4236, 4237, 4240, 4244, 4246, 4247, 4248, 4250, 1180, 1181, 4254, 4253, 1189, 1192, 1196, 1197, 1200, 1204, 1206, 1207, 1208, 1210, 1213, 1214, 4296, 4297, 4305, 4308, 4312, 4313, 4316, 4320, 4322, 4323, 4324, 4326, 1256, 1257, 4330, 4329, 1265, 1268, 1272, 1273, 1276, 3840, 1280, 3841, 1282, 1283, 1284, 1286, 3849, 1290, 1289, 3856, 3857, 3860, 3864, 3866, 3867, 3868, 3870, 3873, 1332, 1333, 4410, 4411, 1341, 1344, 4419, 1348, 1349, 4422, 1352, 4426, 4427, 1356, 4430, 1358, 1359, 1360, 4434, 1362, 4436, 4437, 1366, 4438, 4440, 1365, 4443, 4444, 3992, 3993, 4001, 4008, 4009, 4012, 4016, 4018, 4019, 4020, 4022, 4025, 4068, 4069, 4077, 4080, 4084, 4085, 4088, 4092, 4094, 4095}
130 {1930}
131 {4096, 4098, 4101, 4102, 3081, 1561, 3612, 3613, 3108, 3621, 3628, 3629, 2044, 1588, 3638, 3639, 3640, 3642, 3645, 3157, 1637, 3183, 3184, 4220, 4221, 1664, 4229, 4232, 4236, 4237, 4240, 4244, 4246, 4247, 4248, 4250, 1180, 4253, 4254, 1181, 1189, 1192, 1196, 1197, 1200, 1204, 3764, 1206, 3765, 1207, 1208, 1210, 1213, 1214, 3773, 3780, 3781, 4296, 4297, 3790, 3791, 3792, 4305, 3794, 4308, 3797, 4312, 4313, 4316, 4320, 4322, 4323, 4324, 4326, 1256, 4329, 4330, 1257, 3309, 1265, 1268, 1272, 1273, 1276, 1280, 3840, 1282, 3841, 1283, 1284, 1286, 3335, 3336, 1289, 1290, 3849, 3856, 3857, 3860, 3864, 3866, 3867, 3868, 3870, 3873, 1332, 1333, 3385, 4410, 4411, 1341, 1344, 3393, 4419, 1348, 1349, 4422, 1352, 4426, 4427, 1356, 4430, 1358, 1359, 1360, 4434, 1362, 4436, 1365, 1366, 3411, 4440, 4437, 4438, 4443, 4444, 3412, 3992, 3993, 4001, 4008, 4009, 4012, 4016, 4018, 4019, 4020, 4022, 4025, 1485, 3537, 3545, 4068, 4069, 1512, 3563, 3564, 4077, 4080, 4084, 4085, 4088, 4092, 4094, 4095}
132 {1272, 1280, 1282, 1283, 4096, 1284, 4102, 4098, 1286, 4101, 1290, 1289, 1332, 1333, 4410, 4411, 1341, 1344, 4419, 1348, 1349, 4422, 1352, 4426, 4427, 3916, 3917, 4430, 1356, 1358, 1359, 4434, 1360, 4436, 3925, 1366, 4437, 4438, 1362, 4440, 1365, 4444, 3932, 3933, 4443, 3936, 3940, 3942, 3943, 3944, 3946, 4092, 3949, 4220, 4221, 4229, 4232, 4236, 4237, 4240, 4244, 4246, 4247, 4248, 4250, 1180, 1181, 4254, 4253, 1189, 1192, 1196, 1197, 1200, 1204, 1206, 1207, 1208, 1210, 1213, 1214, 4296, 4297, 4305, 4308, 4312, 4313, 4316, 4320, 4322, 4323, 4068, 4069, 4324, 4326, 1256, 1257, 4330, 4329, 4077, 4080, 1265, 1268, 4084, 4085, 4088, 1273, 1276, 4094, 4095}
133 {6657, 6660, 6663, 6667, 6670, 6673, 6675, 6677, 6681, 6683, 7721, 7724, 7727, 7731, 7734, 7737, 7739, 7741, 7745, 7747, 7237, 6733, 6736, 6739, 6743, 6746, 6749, 6751, 6753, 6757, 6759, 6809, 6812, 6815, 6819, 6822, 6825, 6827, 6829, 8367, 6833, 8370, 6835, 8373, 7351, 8377, 8380, 8383, 7873, 8385, 8387, 7876, 8391, 7879, 8393, 7883, 7886, 7375, 6353, 7889, 7891, 6356, 7893, 6359, 7897, 7899, 6363, 7389, 6366, 6369, 6371, 6885, 6373, 6888, 6377, 6379, 6891, 6895, 6898, 6901, 6903, 6905, 6909, 6911, 6432, 6434, 6447, 6449, 6961, 7987, 6964, 7990, 6967, 2873, 7993, 6971, 7997, 6974, 8000, 6977, 8003, 6979, 8005, 6981, 8007, 6985, 8011, 6987, 8013, 7037, 7040, 387, 7043, 2949, 390, 7047, 393, 7050, 397, 7053, 6543, 400, 7055, 6546, 403, 7057, 7061, 6549, 7063, 405, 6553, 407, 411, 6556, 413, 6559, 6561, 6563, 6567, 6569, 8633, 8636, 8639, 8643, 8646, 7113, 8649, 8651, 7116, 8653, 7119, 8657, 3025, 8659, 7123, 7126, 7129, 7131, 7133, 7137, 7139}
134 {6110}
135 {1816}
136 {1472, 1473, 1474, 1476, 1446, 1447, 1479, 1480, 1455, 1458, 1462, 1463, 1466, 1470}
137 {4194, 4198, 4199, 4202, 4206, 4208, 4209, 4210, 4212, 4182, 4183, 4215, 4216, 4191}
138 {1778, 1751}
139 {3297, 3298, 3271, 4583, 4584, 3431, 4564, 4597, 3449, 3450, 3423}
140 {4736, 4868, 4749, 4887, 4888, 5020, 4640, 4901, 3499, 5039, 5040, 4659, 4660, 3507, 4792, 5053, 4673, 3650, 3651, 3525, 3526, 4811, 4812, 3659, 4944, 3666, 3667, 4825, 3676, 3677, 3678, 3680, 4963, 4964, 3683, 4716, 4977, 4735}
141 {5129, 3726, 3727, 3735, 3742, 3743, 3878, 3879, 3752, 3753, 3754, 3756, 3759, 3887, 5172, 3894, 3895, 3898, 3902, 3904, 3905, 3906, 3908, 5191, 5192, 3911, 5205, 5096, 5115, 5116}
142 {2082, 2158, 2006}
143 {5248, 3970, 3971, 3974, 3978, 4106, 3980, 3981, 3982, 4107, 3984, 5267, 3987, 4115, 4118, 4122, 4123, 4126, 5281, 4130, 4132, 4133, 4134, 4136, 4139, 4140, 5324, 5343, 5357, 3954, 3955, 3963}
144 {6850, 6853, 6857, 6860, 6863, 6865, 6867, 6871, 6873, 6847}
145 {7541, 7275, 7693}
146 {8674, 8677, 8681, 8684, 8687, 8689, 9043, 8691, 8695, 8697, 8671}
147 {7009, 7012, 7015, 7017, 7019, 7023, 7025, 6999, 7002, 7005}
148 {6529, 6401, 6531, 6404, 6407, 6409, 6411, 6415, 6417, 6397, 6619, 6622, 6625, 6629, 6632, 6505, 6635, 6508, 6637, 6639, 6511, 6643, 6515, 6645, 6518, 6391, 6521, 6394, 6523, 6525}
149 {7075, 7078, 7081, 7085, 7088, 7091, 7093, 7095, 7099, 7101}
150 {6784, 6787, 6789, 6791, 6795, 6797, 6771, 6774, 6777, 6781}
151 {7427, 2569, 2570, 2189, 2190, 2702, 2322, 2583, 2203, 2721, 2722, 2341, 2342, 2474, 2735, 2355, 2493, 2494, 2626, 2246, 2507, 2645, 2646, 2265, 2266, 2778, 2398, 2659, 2279, 2797, 2798, 2417, 2418, 7413, 2550, 2170, 2811, 2431}
152 {6594, 6597, 6599, 6601, 6605, 6607, 6581, 6584, 6587, 6591}
153 {8405, 8408, 8025, 8411, 8028, 8031, 8415, 8418, 8035, 8421, 8038, 8423, 8425, 8041, 8043, 8429, 8045, 8431, 8049, 8051}
154 {4098, 4101, 4102, 3095, 3612, 3621, 1575, 3627, 3628, 3629, 3638, 3639, 3642, 3645, 7759, 7762, 7765, 7769, 7772, 7775, 7777, 3171, 7779, 7783, 7785, 3183, 1651, 1347, 4220, 4229, 4232, 4235, 4236, 4237, 4240, 4244, 4246, 4247, 4250, 1180, 4253, 4254, 1189, 1192, 1195, 1196, 1197, 1200, 1204, 3764, 1206, 1207, 1210, 1213, 1214, 3773, 3779, 3780, 3781, 4296, 3790, 3791, 4305, 3794, 4308, 3797, 4311, 4312, 4313, 4316, 4320, 4322, 4323, 4326, 7911, 1256, 4329, 4330, 7914, 7917, 1265, 7921, 1268, 7924, 1271, 1272, 1273, 7927, 3323, 1276, 7929, 7931, 7935, 1280, 3840, 1282, 1283, 7937, 1286, 3335, 1289, 1290, 3849, 3855, 3856, 3857, 3860, 3864, 3866, 3867, 3870, 3873, 1332, 4410, 1341, 1344, 3393, 4419, 1348, 1349, 4422, 3399, 1352, 4425, 4426, 4427, 1356, 4430, 1358, 1359, 4434, 1362, 4436, 1365, 1366, 3411, 4440, 4437, 4443, 4444, 3992, 4001, 4007, 4008, 4009, 4012, 4016, 4018, 4019, 4022, 4025, 3545, 1499, 3551, 4068, 3563, 4077, 4080, 4083, 4084, 4085, 4088, 4092, 4094, 4095}
155 {6721, 6695, 6698, 6701, 6705, 6708, 6711, 6713, 6715, 6719}
156 {449, 451, 425, 587, 428, 431, 435, 438, 441, 443, 573, 445}
157 {7169, 7171, 7175, 7177, 7151, 7154, 7157, 7161, 7164, 7167}
158 {6947, 6949, 6923, 6926, 6929, 6933, 6936, 6939, 6941, 6943}
159 {6472, 6485, 6470, 6487}
160 {1816, 1789}
161 {2120}
162 {7313}
163 {7579, 7389, 7375}
164 {8709, 8712, 8715, 8719, 8722, 8725, 8727, 8729, 8733, 8735}
165 {6657, 6660, 6663, 6667, 6670, 6673, 6675, 6677, 6681, 6683, 7721, 7724, 7727, 7731, 7734, 7737, 7739, 7741, 7745, 7747, 7237, 6733, 6736, 6739, 6743, 6746, 6749, 6751, 6753, 6757, 6759, 6809, 6812, 6815, 6819, 6822, 6825, 6827, 6829, 8367, 6833, 8370, 6835, 8373, 7351, 8377, 8380, 8383, 7873, 8385, 8387, 7876, 8391, 7879, 8393, 7883, 7886, 7375, 6353, 7889, 7891, 6356, 7893, 6359, 7897, 7899, 6363, 7389, 6366, 6369, 6371, 6885, 6373, 6888, 6377, 6379, 6891, 6895, 6898, 6901, 6903, 6905, 6909, 6911, 6429, 6432, 6435, 6439, 6442, 6445, 6447, 6449, 6961, 7987, 6964, 6453, 7990, 6455, 6967, 2873, 7993, 6971, 7997, 6974, 8000, 6977, 8003, 6979, 8005, 6981, 8007, 6985, 8011, 6987, 8013, 7037, 7040, 387, 7043, 2949, 390, 7047, 393, 7050, 397, 7053, 6543, 400, 7055, 6546, 403, 7057, 7061, 6549, 7063, 405, 6553, 407, 411, 6556, 413, 6559, 6561, 6563, 6567, 6569, 8633, 8636, 8639, 8643, 8646, 7113, 8649, 8651, 7116, 8653, 7119, 8657, 3025, 8659, 7123, 7126, 7129, 7131, 7133, 7137, 7139}
166 {2304, 2284, 2317, 2303}
167 {2608, 2588, 2621, 2607}
168 {2208, 2241, 2227, 2228}
169 {2816, 2849, 2835, 2836}
170 {2360, 2393, 2379, 2380}
171 {2512, 2545, 2531, 2532}
172 {2760, 2740, 2773, 2759}
173 {2456, 2436, 2469, 2455}
174 {4098, 4101, 4102, 3081, 3095, 1561, 3612, 3613, 3621, 1575, 3627, 3628, 3629, 3638, 3639, 3642, 3645, 3157, 3171, 1637, 3183, 1651, 1347, 4220, 4221, 4229, 4232, 4235, 4236, 4237, 4240, 4244, 4246, 4247, 4250, 1180, 4253, 4254, 1181, 1189, 1192, 1195, 1196, 1197, 1200, 1204, 3764, 1206, 1207, 3765, 1210, 1213, 1214, 3773, 3779, 3780, 3781, 4296, 4297, 3790, 3791, 4305, 3794, 4308, 3797, 4311, 4312, 4313, 4316, 4320, 4322, 4323, 4326, 1256, 4329, 4330, 1257, 3309, 1265, 1268, 1271, 1272, 1273, 3323, 1276, 1280, 3840, 1282, 1283, 3841, 1286, 3335, 1289, 1290, 3849, 3855, 3856, 3857, 3860, 3864, 3866, 3867, 7451, 3870, 3873, 7465, 1332, 1333, 3385, 4410, 4411, 1341, 1344, 3393, 4419, 1348, 1349, 4422, 3399, 1352, 4425, 4426, 4427, 1356, 4430, 1358, 1359, 4434, 1362, 4436, 1365, 1366, 3411, 4440, 4437, 4443, 4444, 3992, 3993, 4001, 4007, 4008, 4009, 4012, 4016, 4018, 4019, 4022, 4025, 1485, 3537, 3545, 1499, 3551, 4068, 4069, 3563, 4077, 4080, 4083, 4084, 4085, 4088, 4092, 4094, 4095}
175 {2664, 2697, 2683, 2684}
176 {4096, 4098, 4101, 4102, 3612, 3108, 3621, 3628, 3629, 3638, 3639, 3640, 3642, 3645, 3183, 3184, 4220, 4229, 4232, 4236, 4237, 4240, 4244, 4246, 4247, 4248, 4250, 1180, 4253, 4254, 1189, 1192, 1196, 1197, 1200, 1204, 3764, 1206, 1207, 1208, 1210, 1213, 1214, 3773, 3780, 3781, 4296, 3790, 3791, 3792, 4305, 3794, 4308, 3797, 4312, 4313, 4316, 4320, 4322, 4323, 4324, 4326, 1256, 4329, 4330, 1265, 1268, 1272, 1273, 8443, 1276, 8446, 1280, 3840, 1282, 1283, 1284, 8449, 1286, 3335, 3336, 1289, 1290, 3849, 8453, 8456, 8459, 8461, 3856, 3857, 8463, 8467, 3860, 8469, 3864, 3866, 3867, 3868, 3870, 3873, 1332, 4410, 1341, 1344, 3393, 4419, 1348, 1349, 4422, 1352, 4426, 4427, 1356, 4430, 1358, 1360, 1359, 4434, 1362, 4436, 1365, 1366, 4438, 4440, 3412, 3411, 4443, 4444, 4437, 8063, 8066, 8069, 8073, 8076, 8079, 8081, 8083, 8087, 3992, 8089, 4001, 4008, 4009, 4012, 4016, 4018, 4019, 4020, 4022, 4025, 3545, 4068, 3563, 3564, 4077, 4080, 4084, 4085, 4088, 4092, 4094, 4095}
177 {1613}
178 {1314, 1318, 1320, 1321, 1324, 1294, 1327, 1328, 1303, 1306, 1309, 1310, 1311}
179 {4096, 4098, 4101, 4102, 3612, 3108, 3621, 3628, 3629, 1588, 3638, 3639, 3640, 3642, 3645, 3183, 3184, 4220, 1664, 4229, 4232, 4236, 4237, 4240, 4244, 4246, 4247, 4248, 4250, 1180, 4253, 4254, 1189, 1192, 1196, 1197, 1200, 1204, 3764, 1206, 1207, 1208, 1210, 1213, 1214, 3773, 3780, 3781, 4296, 3790, 3791, 3792, 4305, 3794, 4308, 3797, 4312, 4313, 4316, 4320, 4322, 4323, 4324, 4326, 1256, 4329, 4330, 1265, 1268, 1272, 1273, 1276, 1280, 3840, 1282, 1283, 1284, 1286, 3335, 3336, 1289, 1290, 3849, 3856, 3857, 3860, 3864, 3866, 3867, 3868, 3870, 3873, 1332, 4410, 1341, 1344, 3393, 4419, 1348, 1349, 4422, 1352, 4426, 4427, 1356, 4430, 1358, 1360, 1359, 4434, 1362, 4436, 1365, 1366, 4438, 4440, 3412, 3411, 4443, 4444, 4437, 1370, 1379, 1382, 1385, 1386, 1387, 1390, 1394, 1396, 1397, 1400, 1403, 1404, 3992, 4001, 4008, 4009, 4012, 4016, 4018, 4019, 4020, 4022, 4025, 3545, 4068, 1512, 3563, 3564, 4077, 4080, 4084, 4085, 4088, 4092, 4094, 4095}
180 {5248, 4039, 4106, 5324, 4045, 4046, 4047, 4050, 5267, 4115, 4054, 4118, 4056, 4057, 4121, 4122, 4060, 4123, 4126, 5343, 4063, 5281, 4130, 4132, 4133, 4136, 4139, 4140, 5357, 4030}
181 {7969, 7973, 7975, 7949, 7952, 7955, 7959, 7962, 7965, 7967}
182 {1537}
183 {1248, 1218, 1251, 1252, 1227, 1230, 1233, 1234, 1235, 1238, 1689, 1242, 1244, 1245}
184 {4488, 3209, 4521, 3221, 4507, 4508, 3133}
185 {1280, 4354, 1282, 1283, 4358, 1286, 4360, 4361, 1289, 1290, 4364, 4367, 4368, 1180, 1189, 1192, 1195, 1196, 1197, 1200, 1332, 1204, 1206, 1207, 1210, 1341, 1213, 1214, 1344, 1347, 1348, 1349, 1352, 1356, 1358, 1359, 1362, 1365, 1366, 1256, 4334, 1265, 1268, 4343, 1272, 1273, 4346, 1271, 1276, 4349, 4350, 4351}
186 {3361, 4583, 4584, 3431, 3373, 3437, 4564, 4597, 3449}
187 {4288, 4258, 4291, 4292, 4267, 4270, 4273, 4274, 4275, 4278, 4282, 4284, 4285}
188 {4736, 4868, 3589, 4749, 3601, 4887, 4888, 5020, 4640, 4901, 5039, 5040, 4659, 4660, 4792, 5053, 4673, 3650, 4811, 4812, 3659, 4944, 3665, 3666, 3667, 4825, 3676, 3677, 3680, 4963, 4964, 3683, 3583, 4716, 4977, 4735}
189 {7810, 7813, 7815, 7817, 7821, 7823, 7797, 7800, 7803, 7807}
190 {3904, 3905, 3908, 5191, 5192, 5129, 3911, 3895, 5205, 3802, 3835, 3811, 3878, 5096, 3817, 3818, 3819, 3887, 3828, 3829, 5172, 3893, 3832, 3894, 3898, 5115, 5116, 3902}
191 {4448, 4481, 4482, 4457, 4460, 4463, 4464, 4465, 4468, 4472, 4474, 4475, 4478}
192 {481, 483, 487, 489, 473, 463, 466, 469, 1081, 891, 476, 479}
193 {7202, 7205, 7207, 7209, 7213, 7215, 7189, 7192, 7195, 7199}
194 {7617, 7693, 7541}
195 {4096, 4098, 4101, 4102, 3612, 3108, 3621, 8747, 3628, 3629, 8750, 8753, 8757, 3638, 3639, 3640, 8760, 3642, 8763, 3645, 8765, 8767, 8771, 8773, 3183, 3184, 4220, 4229, 4232, 4236, 4237, 4240, 4244, 4246, 4247, 4248, 4250, 1180, 4253, 4254, 1189, 1192, 1196, 1197, 1200, 1204, 3764, 1206, 1207, 1208, 1210, 1213, 1214, 3773, 3780, 3781, 4296, 3790, 3791, 3792, 4305, 3794, 4308, 3797, 4312, 4313, 4316, 4320, 4322, 4323, 4324, 4326, 1256, 4329, 4330, 1265, 1268, 1272, 1273, 1276, 1280, 3840, 1282, 1283, 1284, 1286, 3335, 3336, 1289, 1290, 3849, 3856, 3857, 3860, 3864, 3866, 3867, 3868, 3870, 3873, 1332, 4410, 1341, 1344, 3393, 4419, 1348, 1349, 4422, 1352, 4426, 4427, 1356, 4430, 1358, 1360, 1359, 4434, 1362, 4436, 1365, 1366, 4438, 4440, 3412, 3411, 4443, 4444, 4437, 3992, 4001, 4008, 4009, 4012, 4016, 4018, 4019, 4020, 4022, 4025, 3545, 4068, 3563, 3564, 4077, 4080, 4084, 4085, 4088, 4092, 4094, 4095}
196 {6467, 6470, 6473, 6477, 6480, 6483, 6485, 6487, 6491, 6493}
197 {7489, 7503}
198 {8481, 8484, 8101, 8487, 8104, 8505, 8491, 8107, 8494, 8111, 8497, 8114, 8499, 8501, 8117, 8119, 8121, 8507, 8125, 8127}
199 {1408, 1441, 1442, 1417, 1420, 1423, 1424, 1425, 1428, 1432, 1434, 1435, 1438}
200 {1280, 1282, 1283, 1286, 1289, 1290, 1180, 1189, 1192, 1195, 1196, 1197, 4144, 1200, 1332, 1204, 1206, 1207, 4153, 1210, 4156, 1341, 1213, 4159, 1344, 4160, 4161, 1347, 1348, 1349, 4164, 1214, 1352, 4168, 4170, 4171, 1356, 1358, 1359, 4174, 4177, 1362, 4178, 1365, 1366, 1256, 1265, 1268, 1271, 1272, 1273, 1276}
201 {4096, 4098, 4101, 4102, 3081, 1561, 3612, 3613, 3108, 3621, 3628, 3629, 1588, 3638, 3639, 3640, 3642, 3645, 3157, 1637, 3183, 3184, 4220, 4221, 1664, 4229, 4232, 4236, 4237, 4240, 4244, 4246, 4247, 4248, 4250, 1180, 4253, 4254, 1181, 1189, 1192, 1196, 1197, 1200, 1204, 3764, 1206, 1207, 1208, 3765, 1210, 1213, 1214, 3773, 1727, 3780, 3781, 4296, 4297, 3790, 3791, 3792, 4305, 3794, 4308, 3797, 4312, 4313, 4316, 4320, 4322, 4323, 4324, 4326, 1256, 4329, 4330, 1257, 3309, 1265, 1268, 1272, 1273, 1276, 1280, 3840, 1282, 1283, 1284, 3841, 1286, 3335, 3336, 1289, 1290, 3849, 3856, 3857, 3860, 3864, 3866, 3867, 3868, 3870, 3873, 1332, 1333, 3385, 4410, 4411, 1341, 1854, 1344, 3393, 4419, 1348, 1349, 4422, 1352, 4426, 4427, 1356, 4430, 1358, 1359, 1360, 4434, 1362, 4436, 1365, 1366, 3411, 4440, 4437, 4438, 4443, 4444, 3412, 3992, 3993, 4001, 4008, 4009, 4012, 4016, 1968, 4018, 4019, 4020, 4022, 4025, 1485, 3537, 3545, 4068, 4069, 1512, 3563, 3564, 4077, 4080, 4084, 4085, 4088, 4092, 4094, 4095}
202 {4098, 4101, 4102, 3612, 3621, 3627, 3628, 3629, 3638, 3639, 3642, 3645, 4220, 4229, 4232, 4235, 4236, 4237, 4240, 4244, 4246, 4247, 4250, 1180, 4253, 4254, 1189, 1192, 1195, 1196, 1197, 3247, 1200, 1204, 3764, 1206, 1207, 1210, 3259, 1213, 1214, 3773, 3779, 3780, 3781, 4296, 3790, 3791, 4305, 3794, 4308, 3797, 4311, 4312, 4313, 4316, 4320, 4322, 4323, 4326, 1256, 4329, 4330, 1265, 1268, 1271, 1272, 1273, 1276, 1280, 3840, 1282, 1283, 1286, 1289, 1290, 3849, 3855, 3856, 3857, 3860, 3864, 3866, 3867, 3870, 3873, 1332, 4410, 1341, 1344, 3393, 1347, 4419, 1348, 1349, 4422, 3399, 1352, 4425, 4426, 4427, 1356, 4430, 1358, 1359, 4434, 1362, 4436, 1365, 1366, 3411, 4440, 4437, 4443, 4444, 3992, 4001, 4007, 4008, 4009, 4012, 4016, 4018, 4019, 4022, 4025, 3545, 3551, 4068, 3563, 4077, 4080, 4083, 4084, 4085, 4088, 4092, 4094, 4095}
203 {1248, 1218, 1251, 1252, 1227, 1230, 1233, 1234, 1235, 1238, 1242, 1244, 1245}
204 {4384, 4387, 4388, 4389, 4392, 4396, 4398, 4399, 4402, 4372, 4405, 4406, 4381}
205 {4098, 4101, 4102, 3612, 3621, 3627, 3628, 3629, 3638, 3639, 3642, 3645, 4220, 4229, 4232, 4235, 4236, 4237, 4240, 4244, 4246, 4247, 4250, 1180, 4253, 4254, 1189, 1192, 1195, 1196, 1197, 1200, 1204, 3764, 1206, 1207, 1210, 1213, 1214, 3773, 3779, 3780, 3781, 4296, 3790, 3791, 4305, 3794, 4308, 3797, 4311, 4312, 4313, 4316, 4320, 4322, 4323, 4326, 1256, 4329, 4330, 1265, 1268, 1271, 1272, 1273, 1276, 1280, 3840, 1282, 1283, 1286, 1289, 1290, 3849, 3855, 3856, 3857, 3860, 3864, 3866, 3867, 3870, 3873, 1332, 4410, 1341, 1344, 4419, 1348, 1349, 4422, 1347, 1352, 4425, 4426, 4427, 1356, 4430, 1358, 1359, 4434, 1362, 4436, 1365, 1366, 4437, 4440, 4443, 4444, 3469, 3475, 3992, 3487, 4001, 4007, 4008, 4009, 4012, 4016, 4018, 4019, 4022, 4025, 4068, 4077, 4080, 4083, 4084, 4085, 4088, 4092, 4094, 4095}
206 {4098, 4101, 4102, 3688, 3697, 3703, 3704, 3705, 4220, 3714, 3715, 4229, 3718, 4232, 3721, 4235, 4236, 4237, 4240, 4244, 4246, 4247, 4250, 1180, 4253, 4254, 1189, 1192, 1195, 1196, 1197, 1200, 1204, 1206, 1207, 1210, 1213, 1214, 4296, 4305, 4308, 4311, 4312, 4313, 4316, 4320, 4322, 4323, 4326, 1256, 4329, 4330, 1265, 1268, 1271, 1272, 1273, 1276, 3840, 1280, 1282, 1283, 1286, 3849, 1290, 1289, 3855, 3856, 3857, 3860, 3864, 3866, 3867, 3870, 3873, 1332, 4410, 1341, 1344, 4419, 1347, 1348, 4422, 1349, 1352, 4425, 4426, 4427, 1356, 4430, 1358, 1359, 4434, 1362, 4436, 4437, 1366, 1365, 4440, 4443, 4444, 3992, 4001, 4007, 4008, 4009, 4012, 4016, 4018, 4019, 4022, 4025, 4068, 4077, 4080, 4083, 4084, 4085, 4088, 4092, 4094, 4095}
207 {7841, 7845, 7848, 7851, 7853, 7855, 7859, 7861, 7835, 7838}
208 {1280, 1282, 1283, 4098, 4101, 4102, 1286, 1289, 1290, 1332, 4410, 1341, 1344, 4419, 1347, 1349, 4422, 1348, 1352, 4425, 4426, 4427, 3916, 1356, 1358, 1359, 4430, 1362, 4434, 4436, 4437, 1366, 1365, 4440, 3925, 4088, 4443, 4444, 3933, 3931, 3932, 3936, 3940, 3942, 3943, 3946, 4092, 3949, 4220, 4229, 4232, 4235, 4236, 4237, 4240, 4244, 4246, 4247, 4250, 1180, 4253, 4254, 1189, 1192, 1195, 1196, 1197, 1200, 1204, 1206, 1207, 1210, 1213, 1214, 4296, 4305, 4308, 4311, 4312, 4313, 4316, 4320, 4322, 4323, 4068, 4326, 1256, 4329, 4330, 4077, 4080, 1265, 4083, 1268, 4085, 4084, 1271, 1272, 1273, 1276, 4094, 4095}
209 {514, 517, 519, 521, 525, 527, 501, 504, 507, 511}
210 {7655}
211 {8801, 8803, 8805, 8809, 8811, 8785, 8788, 8791, 8795, 8798}
212 {8961, 8519, 8522, 8139, 8525, 8142, 8529, 8145, 8532, 8149, 8535, 8152, 8537, 8539, 8155, 8157, 8543, 8159, 8545, 8163, 8165, 8937, 8940, 8943, 8947, 8950, 8953, 8955, 8957}
213 {1472, 1473, 1476, 1446, 1479, 1480, 1455, 1458, 1461, 1462, 1463, 1466, 1470}
214 {4194, 4197, 4198, 4199, 4202, 4206, 4208, 4209, 4212, 4182, 4215, 4216, 4191}
215 {1765}
216 {3297, 4583, 4584, 3431, 3437, 4564, 3285, 4597, 3449}
217 {4736, 4868, 4749, 4887, 4888, 5020, 4640, 4901, 5039, 5040, 4659, 4660, 3507, 4792, 3513, 5053, 4673, 3650, 3525, 4811, 4812, 3659, 4944, 3665, 3666, 3667, 4825, 3676, 3677, 3680, 4963, 4964, 3683, 4716, 4977, 4735}
218 {3904, 3905, 3908, 5191, 5192, 5129, 3911, 3726, 5205, 3735, 3741, 3742, 3743, 3878, 3752, 3753, 5096, 3756, 3759, 3887, 5172, 3893, 3894, 3895, 3898, 5115, 5116, 3902}
219 {5248, 3969, 3970, 3971, 3974, 3978, 4106, 5324, 3980, 3981, 3984, 5267, 3987, 4115, 4118, 4121, 4122, 4123, 4126, 5343, 5281, 4130, 4132, 4133, 4136, 4139, 4140, 5357, 3954, 3963}
220 {545, 549, 552, 555, 557, 559, 563, 565, 539, 542}
221 {8961, 8833, 8836, 8829, 8839, 8841, 8843, 8847, 8849, 8937, 8940, 8943, 8947, 8950, 8823, 8953, 8826, 8955, 8957}
222 {6656, 6657, 8193, 8195, 6660, 8197, 6663, 8201, 6667, 8203, 6670, 6673, 6675, 6677, 6681, 6683, 7720, 7721, 7724, 7727, 7731, 7734, 7737, 7739, 7741, 7745, 7747, 7237, 6732, 6733, 6736, 6739, 6743, 6746, 6749, 6751, 6753, 6757, 6759, 6808, 6809, 6812, 6815, 6819, 6822, 6825, 6827, 6829, 8366, 8367, 6833, 8370, 6835, 8373, 7351, 8377, 8380, 8383, 7872, 7873, 8385, 8387, 7876, 7879, 8391, 8393, 7883, 7886, 7375, 6352, 6353, 7889, 7891, 6356, 7893, 6359, 7897, 6363, 7899, 7389, 6366, 6369, 6371, 6884, 6885, 6373, 6888, 6377, 6891, 6379, 6895, 6898, 6901, 6903, 6905, 6909, 6911, 6960, 6961, 7986, 7987, 6964, 7990, 6967, 2873, 7993, 6971, 7997, 6974, 8000, 6977, 8003, 6979, 8005, 6981, 8007, 6985, 8011, 6987, 8013, 8557, 8560, 8563, 8567, 8570, 7036, 7037, 8573, 8575, 7040, 8577, 386, 387, 7043, 2949, 390, 7047, 8581, 393, 7050, 8583, 397, 7053, 7055, 400, 7057, 403, 405, 7061, 407, 7063, 411, 413, 8632, 8633, 8636, 8639, 8643, 8646, 7112, 7113, 8649, 8651, 7116, 8653, 7119, 3025, 8657, 7123, 8659, 7126, 7129, 7131, 7133, 7137, 7139, 8177, 8180, 8183, 8187, 8190}
223 {1803}
224 {6657, 6660, 6663, 6667, 6670, 6673, 6675, 6677, 6681, 6683, 7721, 7724, 7727, 7731, 7734, 7737, 7739, 7741, 7745, 7747, 7237, 6733, 6736, 6739, 6743, 6746, 6749, 6751, 6753, 6757, 6759, 6809, 6812, 8861, 6815, 8864, 6819, 8867, 6822, 8871, 6825, 8874, 6827, 8877, 6829, 8879, 8367, 8881, 6833, 6835, 8370, 8373, 8885, 7351, 8887, 8377, 8380, 8383, 8385, 7873, 8387, 7876, 7879, 8391, 8393, 7883, 7886, 7375, 6353, 7889, 7891, 6356, 7893, 6359, 7897, 6363, 7899, 7389, 6366, 6369, 6371, 6373, 6885, 6888, 6377, 6891, 6379, 6895, 6898, 6901, 6903, 6905, 6909, 6911, 6961, 7987, 6964, 7990, 6967, 2873, 7993, 6971, 7997, 6974, 8000, 6977, 8003, 6979, 8005, 6981, 8007, 6985, 8011, 6987, 8013, 7037, 7040, 7043, 387, 2949, 390, 7047, 393, 7050, 397, 7053, 7055, 400, 7057, 403, 405, 7061, 407, 7063, 411, 413, 8633, 8636, 8639, 8643, 8646, 7113, 8649, 8651, 7116, 8653, 7119, 3025, 8657, 8659, 7123, 7126, 7129, 7131, 7133, 7137, 7139}
225 {6850, 6853, 6857, 6860, 6863, 6865, 6867, 6871, 6873, 6846, 6847}
226 {8674, 8677, 8681, 8684, 8687, 8689, 9043, 8691, 8695, 8697, 8670, 8671}
227 {7009, 7012, 7015, 7017, 7019, 7023, 7025, 6998, 6999, 7002, 7005}
228 {6529, 6401, 6531, 6404, 6407, 6409, 6411, 6415, 6417, 6391, 6397, 6619, 6622, 6625, 6629, 6632, 6505, 6635, 6508, 6637, 6639, 6511, 6643, 6515, 6645, 6390, 6518, 6521, 6394, 6523, 6525}
229 {7074, 7075, 7078, 7081, 7085, 7088, 7091, 7093, 7095, 7099, 7101}
230 {6784, 6787, 6789, 6791, 6795, 6797, 6770, 6771, 6774, 6777, 6781}
231 {8595, 8598, 8215, 8601, 8218, 8221, 8605, 8608, 8225, 8611, 8228, 8613, 8231, 8615, 8233, 8235, 8619, 8621, 8239, 8241}
232 {8404, 8405, 8024, 8408, 8025, 8411, 8028, 8031, 8415, 8418, 8035, 8421, 8038, 8423, 8425, 8041, 8043, 8429, 8045, 8431, 8049, 8051}
233 {4098, 4101, 4102, 3095, 3612, 3621, 1575, 3627, 3628, 3629, 3638, 3639, 3642, 3645, 7758, 7759, 7762, 7765, 7769, 7772, 7775, 7777, 3171, 7779, 7783, 7785, 3183, 1651, 1347, 4220, 4229, 4232, 4235, 4236, 4237, 4240, 4244, 4246, 4247, 4250, 1180, 4253, 4254, 1189, 1192, 1195, 1196, 1197, 1200, 1204, 3764, 1206, 1207, 1210, 1213, 1214, 3773, 3779, 3780, 3781, 4296, 3790, 3791, 4305, 3794, 4308, 3797, 4311, 4312, 4313, 4316, 4320, 4322, 4323, 4326, 7910, 1256, 4329, 4330, 7911, 7914, 7917, 1265, 7921, 1268, 7924, 1271, 1272, 1273, 7927, 3323, 1276, 7929, 7931, 7935, 1280, 3840, 1282, 1283, 7937, 1286, 3335, 1289, 1290, 3849, 3855, 3856, 3857, 3860, 3864, 3866, 3867, 3870, 3873, 1332, 4410, 1341, 1344, 3393, 4419, 1348, 1349, 4422, 3399, 1352, 4425, 4426, 4427, 1356, 4430, 1358, 1359, 4434, 1362, 4436, 1365, 1366, 3411, 4440, 4437, 4443, 4444, 3992, 4001, 4007, 4008, 4009, 4012, 4016, 4018, 4019, 4022, 4025, 3545, 1499, 3551, 4068, 3563, 4077, 4080, 4083, 4084, 4085, 4088, 4092, 4094, 4095}
234 {6721, 6694, 6695, 6698, 6701, 6705, 6708, 6711, 6713, 6715, 6719}
235 {449, 451, 424, 425, 587, 428, 431, 435, 438, 441, 443, 573, 445}
236 {7169, 7171, 7175, 7177, 7150, 7151, 7154, 7157, 7161, 7164, 7167}
237 {6947, 6949, 6922, 6923, 6926, 6929, 6933, 6936, 6939, 6941, 6943}
238 {8899, 8902, 8905, 8909, 8912, 8915, 8917, 8919, 8923, 8925}
239 {8708, 8709, 8712, 8715, 8719, 8722, 8725, 8727, 8729, 8733, 8735}
240 {6657, 6660, 6663, 6667, 6670, 6673, 6675, 6677, 6681, 6683, 7721, 7724, 7727, 7731, 7734, 7737, 7739, 7741, 7745, 7747, 7237, 6733, 6736, 6739, 6743, 6746, 6749, 6751, 6753, 6757, 6759, 6809, 6812, 6815, 6819, 6822, 6825, 6827, 6829, 8367, 6833, 8370, 6835, 8373, 7351, 8377, 8380, 8383, 7873, 8385, 8387, 7876, 8391, 7879, 8393, 7883, 7886, 7375, 6353, 7889, 7891, 6356, 7893, 6359, 7897, 7899, 6363, 7389, 6366, 6369, 6371, 6885, 6373, 6888, 6377, 6379, 6891, 6895, 6898, 6901, 6903, 6905, 6909, 6911, 6428, 6429, 6432, 6435, 6439, 6442, 6445, 6447, 6449, 6961, 7987, 6964, 6453, 7990, 6455, 6967, 2873, 7993, 6971, 7997, 6974, 8000, 6977, 8003, 6979, 8005, 6981, 8007, 6985, 8011, 6987, 8013, 7037, 7040, 387, 7043, 2949, 390, 7047, 393, 7050, 397, 7053, 6543, 400, 7055, 6546, 403, 7057, 7061, 6549, 7063, 405, 6553, 407, 411, 6556, 413, 6559, 6561, 6563, 6567, 6569, 8633, 8636, 8639, 8643, 8646, 7113, 8649, 8651, 7116, 8653, 7119, 8657, 3025, 8659, 7123, 7126, 7129, 7131, 7133, 7137, 7139}
241 {8256, 8259, 8263, 8266, 8269, 8975, 8271, 8273, 8978, 8981, 8277, 8279, 8985, 8988, 8991, 8993, 8995, 8999, 8253}
242 {4096, 4098, 4101, 4102, 3612, 3108, 3621, 3628, 3629, 3638, 3639, 3640, 3642, 3645, 3183, 3184, 4220, 4229, 4232, 4236, 4237, 4240, 4244, 4246, 4247, 4248, 4250, 1180, 4253, 4254, 1189, 1192, 1196, 1197, 1200, 1204, 3764, 1206, 1207, 1208, 1210, 1213, 1214, 3773, 3780, 3781, 4296, 3790, 3791, 3792, 4305, 3794, 4308, 3797, 4312, 4313, 4316, 4320, 4322, 4323, 4324, 4326, 1256, 4329, 4330, 1265, 1268, 1272, 1273, 8442, 8443, 1276, 8446, 1280, 3840, 1282, 1283, 1284, 8449, 1286, 3335, 3336, 1289, 1290, 3849, 8453, 8456, 8459, 8461, 3856, 3857, 8463, 8467, 3860, 8469, 3864, 3866, 3867, 3868, 3870, 3873, 1332, 4410, 1341, 1344, 3393, 4419, 1348, 1349, 4422, 1352, 4426, 4427, 1356, 4430, 1358, 1360, 1359, 4434, 1362, 4436, 1365, 1366, 4438, 4440, 3412, 3411, 4443, 4444, 4437, 8062, 8063, 8066, 8069, 8073, 8076, 8079, 8081, 8083, 8087, 3992, 8089, 4001, 4008, 4009, 4012, 4016, 4018, 4019, 4020, 4022, 4025, 3545, 4068, 3563, 3564, 4077, 4080, 4084, 4085, 4088, 4092, 4094, 4095}
243 {7969, 7973, 7975, 7948, 7949, 7952, 7955, 7959, 7962, 7965, 7967}
244 {7810, 7813, 7815, 7817, 7821, 7823, 7796, 7797, 7800, 7803, 7807}
245 {481, 483, 487, 489, 473, 462, 463, 466, 469, 1081, 891, 476, 479}
246 {7202, 7205, 7207, 7209, 7213, 7215, 7188, 7189, 7192, 7195, 7199}
247 {4096, 4098, 4101, 4102, 3612, 3108, 3621, 8746, 8747, 3628, 3629, 8750, 8753, 8757, 3638, 3639, 3640, 8760, 3642, 8763, 3645, 8765, 8767, 8771, 8773, 3183, 3184, 4220, 4229, 4232, 4236, 4237, 4240, 4244, 4246, 4247, 4248, 4250, 1180, 4253, 4254, 1189, 1192, 1196, 1197, 1200, 1204, 3764, 1206, 1207, 1208, 1210, 1213, 1214, 3773, 3780, 3781, 4296, 3790, 3791, 3792, 4305, 3794, 4308, 3797, 4312, 4313, 4316, 4320, 4322, 4323, 4324, 4326, 1256, 4329, 4330, 1265, 1268, 1272, 1273, 1276, 1280, 3840, 1282, 1283, 1284, 1286, 3335, 3336, 1289, 1290, 3849, 3856, 3857, 3860, 3864, 3866, 3867, 3868, 3870, 3873, 1332, 4410, 1341, 1344, 3393, 4419, 1348, 1349, 4422, 1352, 4426, 4427, 1356, 4430, 1358, 1360, 1359, 4434, 1362, 4436, 1365, 1366, 4438, 4440, 3412, 3411, 4443, 4444, 4437, 3992, 4001, 4008, 4009, 4012, 4016, 4018, 4019, 4020, 4022, 4025, 3545, 4068, 3563, 3564, 4077, 4080, 4084, 4085, 4088, 4092, 4094, 4095}
248 {6466, 6467, 6470, 6473, 6477, 6480, 6483, 6485, 6487, 6491, 6493}
249 {6657, 6660, 6663, 6667, 6670, 6673, 6675, 6677, 6681, 6683, 7721, 7724, 7727, 7731, 7734, 7737, 7739, 7741, 7745, 7747, 7237, 6733, 6736, 6739, 6743, 6746, 6749, 6751, 6753, 8291, 6757, 8294, 6759, 8297, 8301, 8304, 8307, 8309, 8311, 8315, 8317, 6809, 6812, 6815, 6819, 6822, 6825, 6827, 6829, 8367, 6833, 8370, 6835, 8373, 7351, 8377, 8380, 8383, 8385, 7873, 8387, 7876, 7879, 8391, 8393, 7883, 7886, 7375, 7889, 6353, 7891, 6356, 7893, 6359, 7897, 6363, 7899, 7389, 6366, 6369, 6371, 6373, 6885, 6888, 6377, 6891, 6379, 6895, 6898, 6901, 6903, 6905, 6909, 6911, 6961, 7987, 6964, 7990, 6967, 2873, 7993, 6971, 7997, 6974, 8000, 6977, 8003, 6979, 8005, 6981, 8007, 6985, 8011, 6987, 8013, 7037, 7040, 7043, 387, 2949, 390, 7047, 393, 7050, 397, 7053, 7055, 400, 7057, 403, 405, 7061, 407, 7063, 411, 413, 8633, 8636, 8639, 8643, 8646, 8649, 7113, 8651, 7116, 8653, 7119, 3025, 8657, 8659, 7123, 7126, 7129, 7131, 7133, 7137, 7139}
250 {8121, 8480, 8481, 8484, 8100, 8101, 8487, 8104, 8491, 8107, 8494, 8111, 8497, 8114, 8499, 8501, 8117, 8119, 8505, 8507, 8125, 8127}
251 {7841, 7845, 7848, 7851, 7853, 7855, 7859, 7861, 7834, 7835, 7838}
252 {514, 517, 519, 521, 525, 527, 500, 501, 504, 507, 511}
253 {8801, 8803, 8805, 8809, 8811, 8784, 8785, 8788, 8791, 8795, 8798}
254 {8353, 8355, 8329, 8332, 8335, 8339, 8342, 8345, 8347, 8349}
255 {8961, 8518, 8519, 8522, 8138, 8139, 8525, 8142, 8529, 8145, 8532, 8149, 8535, 8152, 8537, 8539, 8155, 8157, 8159, 8543, 8545, 8163, 8165, 8937, 8940, 8943, 8947, 8950, 8953, 8955, 8957}
256 {545, 549, 552, 555, 557, 559, 563, 565, 538, 539, 542}
257 {8961, 8833, 8836, 8829, 8839, 8841, 8843, 8847, 8849, 8823, 8937, 8940, 8943, 8947, 8950, 8822, 8953, 8826, 8955, 8957}
258 {6656, 6657, 8193, 8195, 6660, 8197, 6663, 8201, 6667, 8203, 6670, 6673, 6675, 6677, 6681, 6683, 7720, 7721, 7724, 7727, 7731, 7734, 7737, 7739, 7741, 7745, 7747, 7237, 6732, 6733, 6736, 6739, 6743, 6746, 6749, 6751, 6753, 6757, 6759, 6808, 6809, 6812, 6815, 6819, 6822, 6825, 6827, 6829, 8366, 8367, 6833, 8370, 6835, 8373, 7351, 8377, 8380, 8383, 7872, 7873, 8385, 8387, 7876, 7879, 8391, 8393, 7883, 7886, 7375, 6352, 6353, 7889, 7891, 6356, 7893, 6359, 7897, 6363, 7899, 7389, 6366, 6369, 6371, 6884, 6885, 6373, 6888, 6377, 6891, 6379, 6895, 6898, 6901, 6903, 6905, 6909, 6911, 6960, 6961, 7986, 7987, 6964, 7990, 6967, 2873, 7993, 6971, 7997, 6974, 8000, 6977, 8003, 6979, 8005, 6981, 8007, 6985, 8011, 6987, 8013, 8556, 8557, 8560, 8563, 8567, 8570, 7036, 7037, 8573, 8575, 7040, 8577, 386, 387, 7043, 2949, 390, 7047, 8581, 393, 7050, 8583, 397, 7053, 7055, 400, 7057, 403, 405, 7061, 407, 7063, 411, 413, 8632, 8633, 8636, 8639, 8643, 8646, 7112, 7113, 8649, 8651, 7116, 8653, 7119, 3025, 8657, 7123, 8659, 7126, 7129, 7131, 7133, 7137, 7139, 8176, 8177, 8180, 8183, 8187, 8190}
259 {6656, 6657, 6660, 6663, 6667, 6670, 6673, 6675, 6677, 6681, 6683, 7720, 7721, 7724, 7727, 7731, 7734, 7737, 7739, 7741, 7745, 7747, 7237, 6732, 6733, 6736, 6739, 6743, 6746, 6749, 6751, 6753, 6757, 6759, 6808, 6809, 8860, 8861, 6812, 6815, 8864, 6819, 8867, 6822, 8871, 6825, 8874, 6827, 8877, 6829, 8879, 8367, 8881, 6833, 6835, 8366, 8373, 8885, 7351, 8887, 8377, 8370, 8380, 8383, 7872, 8385, 7873, 8387, 7876, 7879, 8391, 8393, 7883, 7886, 7375, 6352, 6353, 7889, 7891, 6356, 7893, 6359, 7897, 6363, 7899, 7389, 6366, 6369, 6371, 6884, 6373, 6885, 6888, 6377, 6891, 6379, 6895, 6898, 6901, 6903, 6905, 6909, 6911, 6960, 6961, 7986, 7987, 6964, 7990, 6967, 2873, 7993, 6971, 7997, 6974, 8000, 6977, 8003, 6979, 8005, 6981, 8007, 6985, 8011, 6987, 8013, 7036, 7037, 7040, 386, 7043, 387, 2949, 390, 7047, 393, 7050, 397, 7053, 7055, 400, 7057, 403, 405, 7061, 407, 7063, 411, 413, 8632, 8633, 8636, 8639, 8643, 8646, 7112, 7113, 8649, 8651, 7116, 8653, 7119, 3025, 8657, 8659, 7123, 7126, 7129, 7131, 7133, 7137, 7139}
260 {8594, 8595, 8598, 8215, 8214, 8601, 8218, 8605, 8221, 8608, 8225, 8611, 8228, 8613, 8231, 8615, 8233, 8235, 8619, 8621, 8239, 8241}
261 {8898, 8899, 8902, 8905, 8909, 8912, 8915, 8917, 8919, 8923, 8925}
262 {8256, 8259, 8263, 8266, 8269, 8975, 8271, 8273, 8978, 8981, 8277, 8279, 8985, 8988, 8991, 8993, 8995, 8999, 8252, 8253}
263 {6656, 6657, 6660, 6663, 6667, 6670, 6673, 6675, 6677, 6681, 6683, 7720, 7721, 7724, 7727, 7731, 7734, 7737, 7739, 7741, 7745, 7747, 7237, 6732, 6733, 6736, 6739, 6743, 6746, 6749, 6751, 6753, 8290, 8291, 6757, 8294, 6759, 8297, 8301, 8304, 8307, 8309, 8311, 8315, 8317, 6808, 6809, 6812, 6815, 6819, 6822, 6825, 6827, 6829, 8366, 8367, 6833, 8370, 6835, 8373, 7351, 8377, 8380, 8383, 7872, 8385, 7873, 8387, 7876, 7879, 8391, 8393, 7883, 7886, 7375, 6352, 7889, 6353, 7891, 6356, 7893, 6359, 7897, 6363, 7899, 7389, 6366, 6369, 6371, 6884, 6373, 6885, 6888, 6377, 6891, 6379, 6895, 6898, 6901, 6903, 6905, 6909, 6911, 6960, 6961, 7986, 7987, 6964, 7990, 6967, 2873, 7993, 6971, 7997, 6974, 8000, 6977, 8003, 6979, 8005, 6981, 8007, 6985, 8011, 6987, 8013, 7036, 7037, 7040, 386, 7043, 387, 2949, 390, 7047, 393, 7050, 397, 7053, 7055, 400, 7057, 403, 405, 7061, 407, 7063, 411, 413, 8632, 8633, 8636, 8639, 8643, 8646, 7112, 8649, 7113, 8651, 7116, 8653, 7119, 3025, 8657, 8659, 7123, 7126, 7129, 7131, 7133, 7137, 7139}
264 {8353, 8355, 8328, 8329, 8332, 8335, 8339, 8342, 8345, 8347, 8349}
